 Sample   Time     Encoder 1 Pos   Encoder 3 Pos 

[    0    0.000            -302              18;
     1    0.009            -150              18;
     2    0.018               9              17;
     3    0.027             161              15;
     4    0.035             294              13;
     5    0.044             396              11;
     6    0.053             462               9;
     7    0.062             487               8;
     8    0.071             470               7;
     9    0.080             413               6;
    10    0.089             323               5;
    11    0.097             211               4;
    12    0.106              85               2;
    13    0.115             -43               2;
    14    0.124            -163               1;
    15    0.133            -264              -0;
    16    0.142            -338              -1;
    17    0.151            -380              -1;
    18    0.159            -388              -2;
    19    0.168            -360              -3;
    20    0.177            -304              -4;
    21    0.186            -225              -5;
    22    0.195            -131              -6;
    23    0.204             -30              -8;
    24    0.213              69              -9;
    25    0.221             156             -10;
    26    0.230             226             -11;
    27    0.239             272             -12;
    28    0.248             292             -13;
    29    0.257             285             -13;
    30    0.266             252             -13;
    31    0.274             198             -13;
    32    0.283             130             -11;
    33    0.292              53             -10;
    34    0.301             -24              -9;
    35    0.310             -95              -7;
    36    0.319            -154              -5;
    37    0.328            -195              -3;
    38    0.336            -217              -2;
    39    0.345            -217              -0;
    40    0.354            -198               2;
    41    0.363            -162               3;
    42    0.372            -115               5;
    43    0.381             -61               6;
    44    0.390              -5               6;
    45    0.398              47               7;
    46    0.407              92               7;
    47    0.416             125               7;
    48    0.425             143               7;
    49    0.434             147               7;
    50    0.443             136               7;
    51    0.452             112               7;
    52    0.460              80               7;
    53    0.469              42               7;
    54    0.478               4               7;
    55    0.487             -32               7;
    56    0.496             -63               6;
    57    0.505             -84               5;
    58    0.514             -96               4;
    59    0.522             -98               2;
    60    0.531             -89               1;
    61    0.540             -73               0;
    62    0.549             -52              -1;
    63    0.558             -29              -2;
    64    0.567              -5              -2;
    65    0.576              15              -3;
    66    0.584              32              -4;
    67    0.593              44              -5;
    68    0.602              49              -6;
    69    0.611              49              -7;
    70    0.620              42              -7;
    71    0.629              32              -7;
    72    0.638              20              -8;
    73    0.646               8              -8;
    74    0.655              -3              -8;
    75    0.664             -12              -8;
    76    0.673             -17              -8;
    77    0.682             -20              -8;
    78    0.691             -20              -8;
    79    0.699             -17              -6;
    80    0.708             -13              -5;
    81    0.717              -9              -5;
    82    0.726              -5              -4;
    83    0.735              -3              -3;
    84    0.744              -2              -2;
    85    0.753              -1              -1;
    86    0.761              -1              -0;
    87    0.770              -1               1;
    88    0.779              -1               2;
    89    0.788              -1               3;
    90    0.797              -1               3;
    91    0.806              -1               4;
    92    0.815              -1               5;
    93    0.823              -1               5;
    94    0.832              -1               5;
    95    0.841              -1               6;
    96    0.850              -1               6;
    97    0.859              -1               6;
    98    0.868              -1               6;
    99    0.877              -1               6;
   100    0.885              -1               6;
   101    0.894              -1               6;
   102    0.903              -1               6;
   103    0.912              -1               6;
   104    0.921              -1               5;
   105    0.930              -1               4;
   106    0.939              -1               4;
   107    0.947              -1               3;
   108    0.956              -1               2;
   109    0.965              -1               1;
   110    0.974              -1               0;
   111    0.983              -1              -1;
   112    0.992              -1              -1;
   113    1.001              -1              -2;
   114    1.009              -1              -2;
   115    1.018              -1              -3;
   116    1.027              -1              -4;
   117    1.036              -1              -4;
   118    1.045              -1              -5;
   119    1.054              -1              -5;
   120    1.063              -1              -6;
   121    1.071              -1              -6;
   122    1.080              -1              -6;
   123    1.089              -1              -6;
   124    1.098              -1              -6;
   125    1.107              -1              -6;
   126    1.116              -1              -6;
   127    1.124              -1              -6;
   128    1.133              -1              -6;
   129    1.142              -1              -4;
   130    1.151              -1              -3;
   131    1.160              -1              -3;
   132    1.169              -1              -2;
   133    1.178              -1              -2;
   134    1.186              -1              -1;
   135    1.195              -1              -0;
   136    1.204              -1               0;
   137    1.213              -1               1;
   138    1.222              -1               2;
   139    1.231              -1               3;
   140    1.240              -1               3;
   141    1.248              -1               4;
   142    1.257              -1               4;
   143    1.266              -1               4;
   144    1.275              -1               4;
   145    1.284              -1               4;
   146    1.293              -1               4;
   147    1.302              -1               4;
   148    1.310              -1               4;
   149    1.319              -1               4;
   150    1.328              -1               4;
   151    1.337              -1               4;
   152    1.346              -1               4;
   153    1.355              -1               4;
   154    1.364              -1               3;
   155    1.372              -1               2;
   156    1.381              -1               2;
   157    1.390              -1               1;
   158    1.399              -1               1;
   159    1.408              -1              -0;
   160    1.417              -1              -1;
   161    1.426              -1              -1;
   162    1.434              -1              -2;
   163    1.443              -1              -2;
   164    1.452              -1              -2;
   165    1.461              -1              -3;
   166    1.470              -1              -3;
   167    1.479              -1              -3;
   168    1.488              -1              -4;
   169    1.496              -1              -4;
   170    1.505              -1              -4;
   171    1.514              -1              -4;
   172    1.523              -1              -4;
   173    1.532              -1              -4;
   174    1.541              -1              -4;
   175    1.549              -1              -4;
   176    1.558              -1              -4;
   177    1.567              -1              -4;
   178    1.576              -1              -4;
   179    1.585              -1              -4;
   180    1.594              -1              -2;
   181    1.603              -1              -2;
   182    1.611              -1              -1;
   183    1.620              -1              -1;
   184    1.629              -1               0;
   185    1.638              -1               0;
   186    1.647              -1               1;
   187    1.656              -1               1;
   188    1.665              -1               2;
   189    1.673              -1               2;
   190    1.682              -1               3;
   191    1.691              -1               3;
   192    1.700              -1               3;
   193    1.709              -1               3;
   194    1.718              -1               3;
   195    1.727              -1               3;
   196    1.735              -1               3;
   197    1.744              -1               3;
   198    1.753              -1               3;
   199    1.762              -1               3;
   200    1.771              -1               3;
   201    1.780              -1               3;
   202    1.789              -1               2;
   203    1.797              -1               2;
   204    1.806              -1               2;
   205    1.815              -1               1;
   206    1.824              -1               1;
   207    1.833              -1               0;
   208    1.842              -1              -0;
   209    1.851              -1              -1;
   210    1.859              -1              -1;
   211    1.868              -1              -1;
   212    1.877              -1              -2;
   213    1.886              -1              -2;
   214    1.895              -1              -2;
   215    1.904              -1              -2;
   216    1.913              -1              -3;
   217    1.921              -1              -3;
   218    1.930              -1              -3;
   219    1.939              -1              -3;
   220    1.948              -1              -3;
   221    1.957              -1              -3;
   222    1.966              -1              -3;
   223    1.974              -1              -3;
   224    1.983              -1              -3;
   225    1.992              -1              -3;
   226    2.001              -1              -3;
   227    2.010              -1              -3;
   228    2.019              -1              -3;
   229    2.028              -1              -1;
   230    2.036              -1              -1;
   231    2.045              -1              -1;
   232    2.054              -1              -0;
   233    2.063              -1               0;
   234    2.072              -1               0;
   235    2.081              -1               1;
   236    2.090              -1               1;
   237    2.098              -1               1;
   238    2.107              -1               1;
   239    2.116              -1               2;
   240    2.125              -1               2;
   241    2.134              -1               2;
   242    2.143              -1               2;
   243    2.152              -1               2;
   244    2.160              -1               2;
   245    2.169              -1               2;
   246    2.178              -1               2;
   247    2.187              -1               2;
   248    2.196              -1               2;
   249    2.205              -1               2;
   250    2.214              -1               2;
   251    2.222              -1               2;
   252    2.231              -1               1;
   253    2.240              -1               1;
   254    2.249              -1               1;
   255    2.258              -1               0;
   256    2.267              -1              -0;
   257    2.276              -1              -0;
   258    2.284              -1              -1;
   259    2.293              -1              -1;
   260    2.302              -1              -1;
   261    2.311              -1              -1;
   262    2.320              -1              -2;
   263    2.329              -1              -2;
   264    2.338              -1              -2;
   265    2.346              -1              -2;
   266    2.355              -1              -2;
   267    2.364              -1              -2;
   268    2.373              -1              -2;
   269    2.382              -1              -2;
   270    2.391              -1              -2;
   271    2.399              -1              -2;
   272    2.408              -1              -2;
   273    2.417              -1              -2;
   274    2.426              -1              -2;
   275    2.435              -1              -2;
   276    2.444              -1              -2;
   277    2.453              -1              -2;
   278    2.461              -1              -2;
   279    2.470              -1              -2;
   280    2.479              -1               0;
   281    2.488              -1               0;
   282    2.497              -1               0;
   283    2.506              -1               0;
   284    2.515              -1               0;
   285    2.523              -1               0;
   286    2.532              -1               1;
   287    2.541              -1               1;
   288    2.550              -1               1;
   289    2.559              -1               1;
   290    2.568              -1               1;
   291    2.577              -1               1;
   292    2.585              -1               1;
   293    2.594              -1               1;
   294    2.603              -1               1;
   295    2.612              -1               1;
   296    2.621              -1               1;
   297    2.630              -1               1;
   298    2.639              -1               1;
   299    2.647              -1               1;
   300    2.656              -1               1;
   301    2.665              -1               1;
   302    2.674              -1               1;
   303    2.683              -1               0;
   304    2.692              -1               0;
   305    2.701              -1               0;
   306    2.709              -1               0;
   307    2.718              -1               0;
   308    2.727              -1              -1;
   309    2.736              -1              -1;
   310    2.745              -1              -1;
   311    2.754              -1              -1;
   312    2.763              -1              -1;
   313    2.771              -1              -1;
   314    2.780              -1              -2;
   315    2.789              -1              -2;
   316    2.798              -1              -2;
   317    2.807              -1              -2;
   318    2.816              -1              -2;
   319    2.824              -1              -2;
   320    2.833              -1              -2;
   321    2.842              -1              -2;
   322    2.851              -1              -2;
   323    2.860              -1              -2;
   324    2.869              -1              -2;
   325    2.878              -1              -2;
   326    2.886              -1              -2;
   327    2.895              -1              -2;
   328    2.904              -1              -2;
   329    2.913              -1               0;
   330    2.922              -1               0;
   331    2.931              -1               0;
   332    2.940              -1               0;
   333    2.948              -1               0;
   334    2.957              -1               0;
   335    2.966              -1               0;
   336    2.975              -1               0;
   337    2.984              -1               0;
   338    2.993              -1               0;
   339    3.002              -1               0;
   340    3.010              -1               0;
   341    3.019              -1               0;
   342    3.028              -1               0;
   343    3.037              -1               0;
   344    3.046              -1               0;
   345    3.055              -1               0;
   346    3.064              -1               0;
   347    3.072              -1               0;
   348    3.081              -1               0;
   349    3.090              -1               0;
   350    3.099              -1               0;
   351    3.108              -1               0;
   352    3.117              -1               0;
   353    3.126              -1               0;
   354    3.134              -1               0;
   355    3.143              -1               0;
   356    3.152              -1               0;
   357    3.161              -1               0;
   358    3.170              -1               0;
   359    3.179              -1               0;
   360    3.188              -1               0;
   361    3.196              -1               0;
   362    3.205              -1               0;
   363    3.214              -1               0;
   364    3.223              -1               0;
   365    3.232              -1               0;
   366    3.241              -1               0;
   367    3.249              -1               0;
   368    3.258              -1               0;
   369    3.267              -1               0;
   370    3.276              -1               0;
   371    3.285              -1               0;
   372    3.294              -1               0;
   373    3.303              -1               0;
   374    3.311              -1               0;
   375    3.320              -1               0;
   376    3.329              -1               0;
   377    3.338              -1               0;
   378    3.347              -1               0;
   379    3.356              -1               0;
   380    3.365              -1               0;
   381    3.373              -1               0;
   382    3.382              -1               0;
   383    3.391              -1               0;
   384    3.400              -1               0;
   385    3.409              -1               0;
   386    3.418              -1               0;
   387    3.427              -1               0;
   388    3.435              -1               0;
   389    3.444              -1               0;
   390    3.453              -1               0;
   391    3.462              -1               0;
   392    3.471              -1               0;
   393    3.480              -1               0;
   394    3.489              -1               0;
   395    3.497              -1               0;
   396    3.506              -1               0;
   397    3.515              -1               0;
   398    3.524              -1               0;
   399    3.533              -1               0;
   400    3.542              -1               0;
   401    3.551              -1               0;
   402    3.559              -1               0;
   403    3.568              -1               0;
   404    3.577              -1               0;
   405    3.586              -1               0;
   406    3.595              -1               0;
   407    3.604              -1               0;
   408    3.613              -1               0;
   409    3.621              -1               0;
   410    3.630              -1               0;
   411    3.639              -1               0;
   412    3.648              -1               0;
   413    3.657              -1               0;
   414    3.666              -1               0;
   415    3.674              -1               0;
   416    3.683              -1               0;
   417    3.692              -1               0;
   418    3.701              -1               0;
   419    3.710              -1               0;
   420    3.719              -1               0;
   421    3.728              -1               0;
   422    3.736              -1               0;
   423    3.745              -1               0;
   424    3.754              -1               0;
   425    3.763              -1               0;
   426    3.772              -1               0;
   427    3.781              -1               0;
   428    3.790              -1               0;
   429    3.798              -1               0;
   430    3.807              -1               0;
   431    3.816              -1               0;
   432    3.825              -1               0;
   433    3.834              -1               0;
   434    3.843              -1               0;
   435    3.852              -1               0;
   436    3.860              -1               0;
   437    3.869              -1               0;
   438    3.878              -1               0;
   439    3.887              -1               0;
   440    3.896              -1               0;
   441    3.905              -1               0;
   442    3.914              -1               0;
   443    3.922              -1               0;
   444    3.931              -1               0;
   445    3.940              -1               0;
   446    3.949              -1               0;
   447    3.958              -1               0;
   448    3.967              -1               0;
   449    3.976              -1               0;
   450    3.984              -1               0;
   451    3.993              -1               0;
   452    4.002              -1               0;
   453    4.011              -1               0;
   454    4.020              -1               0;
   455    4.029              -1               0;
   456    4.038              -1               0;
   457    4.046              -1               0;
   458    4.055              -1               0;
   459    4.064              -1               0;
   460    4.073              -1               0;
   461    4.082              -1               0;
   462    4.091              -1               0;
   463    4.099              -1               0;
   464    4.108              -1               0;
   465    4.117              -1               0;
   466    4.126              -1               0;
   467    4.135              -1               0;
   468    4.144              -1               0;
   469    4.153              -1               0;
   470    4.161              -1               0;
   471    4.170              -1               0;
   472    4.179              -1               0;
   473    4.188              -1               0;
   474    4.197              -1               0;
   475    4.206              -1               0;
   476    4.215              -1               0;
   477    4.223              -1               0;
   478    4.232              -1               0;
   479    4.241              -1               0;
   480    4.250              -1               0;
   481    4.259              -1               0;
   482    4.268              -1               0;
   483    4.277              -1               0;
   484    4.285              -1               0;
   485    4.294              -1               0;
   486    4.303              -1               0;
   487    4.312              -1               0;
   488    4.321              -1               0;
   489    4.330              -1               0;
   490    4.339              -1               0;
   491    4.347              -1               0;
   492    4.356              -1               0;
   493    4.365              -1               0;
   494    4.374              -1               0;
   495    4.383              -1               0;
   496    4.392              -1               0;
   497    4.401              -1               0;
   498    4.409              -1               0;
   499    4.418              -1               0;
   500    4.427              -1               0;
   501    4.436              -1               0;
   502    4.445              -1               0;
   503    4.454              -1               0;
   504    4.463              -1               0;
   505    4.471              -1               0;
   506    4.480              -1               0;
   507    4.489              -1               0;
   508    4.498              -1               0;
   509    4.507              -1               0;
   510    4.516              -1               0;
   511    4.524              -1               0;
   512    4.533              -1               0;
   513    4.542              -1               0;
   514    4.551              -1               0;
   515    4.560              -1               0;
   516    4.569              -1               0;
   517    4.578              -1               0;
   518    4.586              -1               0;
   519    4.595              -1               0;
   520    4.604              -1               0;
   521    4.613              -1               0;
   522    4.622              -1               0;
   523    4.631              -1               0;
   524    4.640              -1               0;
   525    4.648              -1               0;
   526    4.657              -1               0;
   527    4.666              -1               0;
   528    4.675              -1               0;
   529    4.684              -1               0;
   530    4.693              -1               0;
   531    4.702              -1               0;
   532    4.710              -1               0;
   533    4.719              -1               0;
   534    4.728              -1               0;
   535    4.737              -1               0;
   536    4.746              -1               0;
   537    4.755              -1               0;
   538    4.764              -1               0;
   539    4.772              -1               0;
   540    4.781              -1               0;
   541    4.790              -1               0;
   542    4.799              -1               0;
   543    4.808              -1               0;
   544    4.817              -1               0;
   545    4.826              -1               0;
   546    4.834              -1               0;
   547    4.843              -1               0;
   548    4.852              -1               0;
   549    4.861              -1               0;
   550    4.870              -1               0;
   551    4.879              -1               0;
   552    4.888              -1               0;
   553    4.896              -1               0;
   554    4.905              -1               0;
   555    4.914              -1               0;
   556    4.923              -1               0;
   557    4.932              -1               0;
   558    4.941              -1               0;
   559    4.949              -1               0;
   560    4.958              -1               0;
   561    4.967              -1               0;
   562    4.976              -1               0;
   563    4.985              -1               0;
   564    4.994              -1               0;
   565    5.003              -1               0;
   566    5.011              -1               0;
   567    5.020              -1               0;
   568    5.029              -1               0;
   569    5.038              -1               0;
   570    5.047              -1               0;
   571    5.056              -1               0;
   572    5.065              -1               0;
   573    5.073              -1               0;
   574    5.082              -1               0;
   575    5.091              -1               0;
   576    5.100              -1               0;
   577    5.109              -1               0;
   578    5.118              -1               0;
   579    5.127              -1               0;
   580    5.135              -1               0;
   581    5.144              -1               0;
   582    5.153              -1               0;
   583    5.162              -1               0;
   584    5.171              -1               0;
   585    5.180              -1               0;
   586    5.189              -1               0;
   587    5.197              -1               0;
   588    5.206              -1               0;
   589    5.215              -1               0;
   590    5.224              -1               0;
   591    5.233              -1               0;
   592    5.242              -1               0;
   593    5.251              -1               0;
   594    5.259              -1               0;
   595    5.268              -1               0;
   596    5.277              -1               0;
   597    5.286              -1               0;
   598    5.295              -1               0;
   599    5.304              -1               0;
   600    5.313              -1               0;
   601    5.321              -1               0;
   602    5.330              -1               0;
   603    5.339              -1               0;
   604    5.348              -1               0;
   605    5.357              -1               0;
   606    5.366              -1               0;
   607    5.374              -1               0;
   608    5.383              -1               0;
   609    5.392              -1               0;
   610    5.401              -1               0;
   611    5.410              -1               0;
   612    5.419              -1               0;
   613    5.428              -1               0;
   614    5.436              -1               0;
   615    5.445              -1               0;
   616    5.454              -1               0;
   617    5.463              -1               0;
   618    5.472              -1               0;
   619    5.481              -1               0;
   620    5.490              -1               0;
   621    5.498              -1               0;
   622    5.507              -1               0;
   623    5.516              -1               0;
   624    5.525              -1               0;
   625    5.534              -1               0;
   626    5.543              -1               0;
   627    5.552              -1               0;
   628    5.560              -1               0;
   629    5.569              -1               0;
   630    5.578              -1               0;
   631    5.587              -1               0;
   632    5.596              -1               0;
   633    5.605              -1               0;
   634    5.614              -1               0;
   635    5.622              -1               0;
   636    5.631              -1               0;
   637    5.640              -1               0;
   638    5.649              -1               0;
   639    5.658              -1               0;
   640    5.667              -1               0;
   641    5.676              -1               0;
   642    5.684              -1               0;
   643    5.693              -1               0;
   644    5.702              -1               0;
   645    5.711              -1               0;
   646    5.720              -1               0;
   647    5.729              -1               0;
   648    5.738              -1               0;
   649    5.746              -1               0;
   650    5.755              -1               0;
   651    5.764              -1               0;
   652    5.773              -1               0;
   653    5.782              -1               0;
   654    5.791              -1               0;
   655    5.799              -1               0;
   656    5.808              -1               0;
   657    5.817              -1               0;
   658    5.826              -1               0;
   659    5.835              -1               0;
   660    5.844              -1               0;
   661    5.853              -1               0;
   662    5.861              -1               0;
   663    5.870              -1               0;
   664    5.879              -1               0;
   665    5.888              -1               0;
   666    5.897              -1               0;
   667    5.906              -1               0;
   668    5.915              -1               0;
   669    5.923              -1               0;
   670    5.932              -1               0;
   671    5.941              -1               0;
   672    5.950              -1               0;
   673    5.959              -1               0;
   674    5.968              -1               0;
   675    5.977              -1               0;
   676    5.985              -1               0;
   677    5.994              -1               0;
   678    6.003              -1               0;
   679    6.012              -1               0;
   680    6.021              -1               0;
   681    6.030              -1               0;
   682    6.039              -1               0;
   683    6.047              -1               0;
   684    6.056              -1               0;
   685    6.065              -1               0;
   686    6.074              -1               0;
   687    6.083              -1               0;
   688    6.092              -1               0;
   689    6.101              -1               0;
   690    6.109              -1               0;
   691    6.118              -1               0;
   692    6.127              -1               0;
   693    6.136              -1               0;
   694    6.145              -1               0;
   695    6.154              -1               0;
   696    6.163              -1               0;
   697    6.171              -1               0;
   698    6.180              -1               0;
   699    6.189              -1               0;
   700    6.198              -1               0;
   701    6.207              -1               0;
   702    6.216              -1               0;
   703    6.224              -1               0;
   704    6.233              -1               0;
   705    6.242              -1               0;
   706    6.251              -1               0;
   707    6.260              -1               0;
   708    6.269              -1               0;
   709    6.278              -1               0;
   710    6.286              -1               0;
   711    6.295              -1               0;
   712    6.304              -1               0;
   713    6.313              -1               0;
   714    6.322              -1               0;
   715    6.331              -1               0;
   716    6.340              -1               0;
   717    6.348              -1               0;
   718    6.357              -1               0;
   719    6.366              -1               0;
   720    6.375              -1               0;
   721    6.384              -1               0;
   722    6.393              -1               0;
   723    6.402              -1               0;
   724    6.410              -1               0;
   725    6.419              -1               0;
   726    6.428              -1               0;
   727    6.437              -1               0;
   728    6.446              -1               0;
   729    6.455              -1               0;
   730    6.464              -1               0;
   731    6.472              -1               0;
   732    6.481              -1               0;
   733    6.490              -1               0;
   734    6.499              -1               0;
   735    6.508              -1               0;
   736    6.517              -1               0;
   737    6.526              -1               0;
   738    6.534              -1               0;
   739    6.543              -1               0;
   740    6.552              -1               0;
   741    6.561              -1               0;
   742    6.570              -1               0;
   743    6.579              -1               0;
   744    6.588              -1               0;
   745    6.596              -1               0;
   746    6.605              -1               0;
   747    6.614              -1               0;
   748    6.623              -1               0;
   749    6.632              -1               0;
   750    6.641              -1               0;
   751    6.649              -1               0;
   752    6.658              -1               0;
   753    6.667              -1               0;
   754    6.676              -1               0;
   755    6.685              -1               0;
   756    6.694              -1               0;
   757    6.703              -1               0;
   758    6.711              -1               0;
   759    6.720              -1               0;
   760    6.729              -1               0;
   761    6.738              -1               0;
   762    6.747              -1               0;
   763    6.756              -1               0;
   764    6.765              -1               0;
   765    6.773              -1               0;
   766    6.782              -1               0;
   767    6.791              -1               0;
   768    6.800              -1               0;
   769    6.809              -1               0;
   770    6.818              -1               0;
   771    6.827              -1               0;
   772    6.835              -1               0;
   773    6.844              -1               0;
   774    6.853              -1               0;
   775    6.862              -1               0;
   776    6.871              -1               0;
   777    6.880              -1               0;
   778    6.889              -1               0;
   779    6.897              -1               0;
   780    6.906              -1               0;
   781    6.915              -1               0;
   782    6.924              -1               0;
   783    6.933              -1               0;
   784    6.942              -1               0;
   785    6.951              -1               0;
   786    6.959              -1               0;
   787    6.968              -1               0;
   788    6.977              -1               0;
   789    6.986              -1               0;
   790    6.995              -1               0;
   791    7.004              -1               0;
   792    7.013              -1               0;
   793    7.021              -1               0;
   794    7.030              -1               0;
   795    7.039              -1               0;
   796    7.048              -1               0;
   797    7.057              -1               0;
   798    7.066              -1               0;
   799    7.074              -1               0;
   800    7.083              -1               0;
   801    7.092              -1               0;
   802    7.101              -1               0;
   803    7.110              -1               0;
   804    7.119              -1               0;
   805    7.128              -1               0;
   806    7.136              -1               0;
   807    7.145              -1               0;
   808    7.154              -1               0;
   809    7.163              -1               0;
   810    7.172              -1               0;
   811    7.181              -1               0;
   812    7.190              -1               0;
   813    7.198              -1               0;
   814    7.207              -1               0;
   815    7.216              -1               0;
   816    7.225              -1               0;
   817    7.234              -1               0;
   818    7.243              -1               0;
   819    7.252              -1               0;
   820    7.260              -1               0;
   821    7.269              -1               0;
   822    7.278              -1               0;
   823    7.287              -1               0;
   824    7.296              -1               0;
   825    7.305              -1               0;
   826    7.314              -1               0;
   827    7.322              -1               0;
   828    7.331              -1               0;
   829    7.340              -1               0;
   830    7.349              -1               0;
   831    7.358              -1               0;
   832    7.367              -1               0;
   833    7.376              -1               0;
   834    7.384              -1               0;
   835    7.393              -1               0;
   836    7.402              -1               0;
   837    7.411              -1               0;
   838    7.420              -1               0;
   839    7.429              -1               0;
   840    7.438              -1               0;
   841    7.446              -1               0;
   842    7.455              -1               0;
   843    7.464              -1               0;
   844    7.473              -1               0;
   845    7.482              -1               0;
   846    7.491              -1               0;
   847    7.499              -1               0;
   848    7.508              -1               0;
   849    7.517              -1               0;
   850    7.526              -1               0;
   851    7.535              -1               0;
   852    7.544              -1               0;
   853    7.553              -1               0;
   854    7.561              -1               0;
   855    7.570              -1               0;
   856    7.579              -1               0;
   857    7.588              -1               0;
   858    7.597              -1               0;
   859    7.606              -1               0;
   860    7.615              -1               0;
   861    7.623              -1               0;
   862    7.632              -1               0;
   863    7.641              -1               0;
   864    7.650              -1               0;
   865    7.659              -1               0;
   866    7.668              -1               0;
   867    7.677              -1               0;
   868    7.685              -1               0;
   869    7.694              -1               0;
   870    7.703              -1               0;
   871    7.712              -1               0;
   872    7.721              -1               0;
   873    7.730              -1               0;
   874    7.739              -1               0;
   875    7.747              -1               0;
   876    7.756              -1               0;
   877    7.765              -1               0;
   878    7.774              -1               0;
   879    7.783              -1               0;
   880    7.792              -1               0;
   881    7.801              -1               0;
   882    7.809              -1               0;
   883    7.818              -1               0;
   884    7.827              -1               0;
   885    7.836              -1               0;
   886    7.845              -1               0;
   887    7.854              -1               0;
   888    7.863              -1               0;
   889    7.871              -1               0;
   890    7.880              -1               0;
   891    7.889              -1               0;
   892    7.898              -1               0;
   893    7.907              -1               0;
   894    7.916              -1               0;
   895    7.924              -1               0;
   896    7.933              -1               0;
   897    7.942              -1               0;
   898    7.951              -1               0;
   899    7.960              -1               0;
   900    7.969              -1               0;
   901    7.978              -1               0;
   902    7.986              -1               0]
