 Sample   Time     Encoder 1 Pos   Encoder 3 Pos 

[    0    0.000              57            -683;
     1    0.009              38            -681;
     2    0.018              18            -669;
     3    0.027              -1            -652;
     4    0.035             -21            -627;
     5    0.044             -40            -596;
     6    0.053             -58            -559;
     7    0.062             -76            -516;
     8    0.071             -93            -468;
     9    0.080            -108            -415;
    10    0.089            -122            -358;
    11    0.097            -135            -298;
    12    0.106            -146            -234;
    13    0.115            -155            -169;
    14    0.124            -162            -102;
    15    0.133            -167             -34;
    16    0.142            -171              34;
    17    0.151            -172             101;
    18    0.159            -172             166;
    19    0.168            -170             230;
    20    0.177            -165             290;
    21    0.186            -158             348;
    22    0.195            -150             401;
    23    0.204            -139             449;
    24    0.213            -128             493;
    25    0.221            -114             532;
    26    0.230            -100             565;
    27    0.239             -84             592;
    28    0.248             -67             613;
    29    0.257             -50             628;
    30    0.266             -32             635;
    31    0.274             -14             636;
    32    0.283               4             632;
    33    0.292              22             620;
    34    0.301              40             600;
    35    0.310              57             575;
    36    0.319              73             544;
    37    0.328              88             507;
    38    0.336             103             464;
    39    0.345             116             417;
    40    0.354             127             366;
    41    0.363             137             310;
    42    0.372             145             252;
    43    0.381             151             191;
    44    0.390             156             128;
    45    0.398             159              65;
    46    0.407             160               0;
    47    0.416             160             -64;
    48    0.425             157            -127;
    49    0.434             152            -188;
    50    0.443             146            -247;
    51    0.452             138            -303;
    52    0.460             130            -355;
    53    0.469             119            -404;
    54    0.478             108            -448;
    55    0.487              95            -488;
    56    0.496              82            -522;
    57    0.505              68            -551;
    58    0.514              53            -574;
    59    0.522              38            -591;
    60    0.531              22            -602;
    61    0.540               6            -607;
    62    0.549              -9            -607;
    63    0.558             -25            -598;
    64    0.567             -40            -584;
    65    0.576             -54            -563;
    66    0.584             -68            -537;
    67    0.593             -80            -506;
    68    0.602             -92            -468;
    69    0.611            -103            -427;
    70    0.620            -112            -381;
    71    0.629            -120            -331;
    72    0.638            -126            -278;
    73    0.646            -131            -222;
    74    0.655            -134            -164;
    75    0.664            -136            -105;
    76    0.673            -137             -44;
    77    0.682            -137              16;
    78    0.691            -133              76;
    79    0.699            -128             134;
    80    0.708            -122             191;
    81    0.717            -115             246;
    82    0.726            -106             298;
    83    0.735             -96             347;
    84    0.744             -85             391;
    85    0.753             -73             431;
    86    0.761             -61             466;
    87    0.770             -48             496;
    88    0.779             -34             522;
    89    0.788             -20             541;
    90    0.797              -6             556;
    91    0.806               9             564;
    92    0.815              23             566;
    93    0.823              36             564;
    94    0.832              49             554;
    95    0.841              62             538;
    96    0.850              74             517;
    97    0.859              85             490;
    98    0.868              94             458;
    99    0.877             103             421;
   100    0.885             110             380;
   101    0.894             116             335;
   102    0.903             120             286;
   103    0.912             123             235;
   104    0.921             125             181;
   105    0.930             125             126;
   106    0.939             125              69;
   107    0.947             122              12;
   108    0.956             118             -46;
   109    0.965             113            -102;
   110    0.974             107            -157;
   111    0.983             100            -210;
   112    0.992              92            -260;
   113    1.001              83            -308;
   114    1.009              73            -352;
   115    1.018              63            -393;
   116    1.027              52            -428;
   117    1.036              41            -459;
   118    1.045              30            -487;
   119    1.054              18            -507;
   120    1.063               6            -524;
   121    1.071              -6            -535;
   122    1.080             -17            -539;
   123    1.089             -28            -540;
   124    1.098             -39            -534;
   125    1.107             -49            -523;
   126    1.116             -59            -505;
   127    1.124             -67            -483;
   128    1.133             -75            -456;
   129    1.142             -82            -423;
   130    1.151             -88            -387;
   131    1.160             -93            -347;
   132    1.169             -96            -302;
   133    1.178             -98            -256;
   134    1.186            -100            -206;
   135    1.195            -100            -155;
   136    1.204            -100            -102;
   137    1.213             -98             -49;
   138    1.222             -94               5;
   139    1.231             -89              59;
   140    1.240             -84             111;
   141    1.248             -77             163;
   142    1.257             -70             212;
   143    1.266             -63             259;
   144    1.275             -54             302;
   145    1.284             -45             342;
   146    1.293             -35             379;
   147    1.302             -25             411;
   148    1.310             -15             439;
   149    1.319              -5             462;
   150    1.328               5             480;
   151    1.337              15             493;
   152    1.346              25             501;
   153    1.355              35             504;
   154    1.364              44             503;
   155    1.372              53             495;
   156    1.381              60             482;
   157    1.390              67             464;
   158    1.399              73             440;
   159    1.408              79             413;
   160    1.417              83             381;
   161    1.426              87             344;
   162    1.434              89             304;
   163    1.443              90             261;
   164    1.452              91             216;
   165    1.461              91             168;
   166    1.470              90             119;
   167    1.479              86              68;
   168    1.488              83              17;
   169    1.496              79             -34;
   170    1.505              74             -84;
   171    1.514              68            -134;
   172    1.523              62            -181;
   173    1.532              56            -227;
   174    1.541              49            -270;
   175    1.549              42            -310;
   176    1.558              34            -346;
   177    1.567              26            -379;
   178    1.576              18            -407;
   179    1.585              10            -431;
   180    1.594               3            -451;
   181    1.603              -5            -466;
   182    1.611             -13            -476;
   183    1.620             -20            -481;
   184    1.629             -27            -482;
   185    1.638             -33            -477;
   186    1.647             -39            -468;
   187    1.656             -45            -453;
   188    1.665             -50            -433;
   189    1.673             -54            -409;
   190    1.682             -57            -381;
   191    1.691             -60            -349;
   192    1.700             -62            -313;
   193    1.709             -63            -274;
   194    1.718             -64            -233;
   195    1.727             -64            -189;
   196    1.735             -64            -143;
   197    1.744             -61             -96;
   198    1.753             -59             -49;
   199    1.762             -55              -0;
   200    1.771             -51              48;
   201    1.780             -47              95;
   202    1.789             -42             141;
   203    1.797             -37             185;
   204    1.806             -32             227;
   205    1.815             -26             266;
   206    1.824             -19             302;
   207    1.833             -13             336;
   208    1.842              -7             365;
   209    1.851              -0             390;
   210    1.859               6             411;
   211    1.868              13             428;
   212    1.877              19             440;
   213    1.886              24             447;
   214    1.895              30             450;
   215    1.904              35             450;
   216    1.913              40             444;
   217    1.921              44             432;
   218    1.930              47             415;
   219    1.939              50             395;
   220    1.948              53             370;
   221    1.957              55             342;
   222    1.966              56             309;
   223    1.974              56             274;
   224    1.983              56             236;
   225    1.992              56             195;
   226    2.001              56             152;
   227    2.010              54             108;
   228    2.019              51              63;
   229    2.028              49              17;
   230    2.036              46             -28;
   231    2.045              42             -73;
   232    2.054              39            -118;
   233    2.063              35            -160;
   234    2.072              31            -201;
   235    2.081              27            -240;
   236    2.090              23            -275;
   237    2.098              18            -308;
   238    2.107              14            -338;
   239    2.116               9            -363;
   240    2.125               5            -385;
   241    2.134               1            -403;
   242    2.143              -4            -416;
   243    2.152              -8            -426;
   244    2.160             -11            -431;
   245    2.169             -15            -432;
   246    2.178             -18            -428;
   247    2.187             -21            -419;
   248    2.196             -24            -405;
   249    2.205             -26            -388;
   250    2.214             -27            -366;
   251    2.222             -29            -341;
   252    2.231             -30            -312;
   253    2.240             -30            -280;
   254    2.249             -30            -245;
   255    2.258             -31            -208;
   256    2.267             -31            -168;
   257    2.276             -29            -127;
   258    2.284             -28             -84;
   259    2.293             -26             -42;
   260    2.302             -24               2;
   261    2.311             -21              45;
   262    2.320             -19              87;
   263    2.329             -16             128;
   264    2.338             -13             168;
   265    2.346             -11             206;
   266    2.355              -8             241;
   267    2.364              -4             274;
   268    2.373              -1             303;
   269    2.382               2             330;
   270    2.391               5             352;
   271    2.399               8             371;
   272    2.408              11             386;
   273    2.417              14             397;
   274    2.426              17             403;
   275    2.435              19             405;
   276    2.444              21             405;
   277    2.453              23             399;
   278    2.461              25             388;
   279    2.470              26             373;
   280    2.479              27             354;
   281    2.488              28             332;
   282    2.497              29             306;
   283    2.506              29             277;
   284    2.515              29             245;
   285    2.523              29             209;
   286    2.532              29             173;
   287    2.541              28             134;
   288    2.550              26              94;
   289    2.559              25              54;
   290    2.568              23              12;
   291    2.577              21             -29;
   292    2.585              20             -70;
   293    2.594              18            -110;
   294    2.603              16            -148;
   295    2.612              14            -185;
   296    2.621              13            -219;
   297    2.630              11            -252;
   298    2.639               9            -281;
   299    2.647               8            -307;
   300    2.656               6            -331;
   301    2.665               4            -351;
   302    2.674               2            -366;
   303    2.683               1            -378;
   304    2.692              -1            -386;
   305    2.701              -2            -390;
   306    2.709              -3            -391;
   307    2.718              -5            -387;
   308    2.727              -6            -379;
   309    2.736              -7            -366;
   310    2.745              -7            -350;
   311    2.754              -8            -330;
   312    2.763              -8            -307;
   313    2.771              -8            -280;
   314    2.780              -8            -251;
   315    2.789              -8            -219;
   316    2.798              -8            -185;
   317    2.807              -8            -149;
   318    2.816              -8            -111;
   319    2.824              -6             -73;
   320    2.833              -6             -34;
   321    2.842              -5               5;
   322    2.851              -4              45;
   323    2.860              -3              83;
   324    2.869              -2             120;
   325    2.878              -1             156;
   326    2.886              -0             190;
   327    2.895               1             222;
   328    2.904               2             252;
   329    2.913               3             278;
   330    2.922               4             302;
   331    2.931               5             322;
   332    2.940               6             339;
   333    2.948               7             352;
   334    2.957               8             362;
   335    2.966               9             367;
   336    2.975              10             368;
   337    2.984              11             368;
   338    2.993              11             361;
   339    3.002              12             351;
   340    3.010              12             337;
   341    3.019              13             320;
   342    3.028              13             299;
   343    3.037              13             275;
   344    3.046              13             248;
   345    3.055              14             218;
   346    3.064              14             187;
   347    3.072              14             153;
   348    3.081              14             118;
   349    3.090              14              81;
   350    3.099              14              44;
   351    3.108              14               7;
   352    3.117              14             -31;
   353    3.126              13             -68;
   354    3.134              13            -104;
   355    3.143              12            -139;
   356    3.152              11            -172;
   357    3.161              11            -203;
   358    3.170              10            -233;
   359    3.179              10            -259;
   360    3.188               9            -283;
   361    3.196               8            -304;
   362    3.205               7            -320;
   363    3.214               6            -335;
   364    3.223               5            -345;
   365    3.232               4            -352;
   366    3.241               3            -355;
   367    3.249               2            -355;
   368    3.258               1            -351;
   369    3.267               1            -343;
   370    3.276              -0            -331;
   371    3.285              -1            -316;
   372    3.294              -2            -297;
   373    3.303              -2            -275;
   374    3.311              -3            -251;
   375    3.320              -3            -224;
   376    3.329              -3            -195;
   377    3.338              -3            -163;
   378    3.347              -3            -130;
   379    3.356              -3             -96;
   380    3.365              -3             -61;
   381    3.373              -3             -26;
   382    3.382              -3              11;
   383    3.391              -3              46;
   384    3.400              -3              81;
   385    3.409              -1             115;
   386    3.418              -1             147;
   387    3.427              -0             178;
   388    3.435               0             206;
   389    3.444               1             232;
   390    3.453               2             256;
   391    3.462               3             277;
   392    3.471               4             295;
   393    3.480               5             310;
   394    3.489               6             322;
   395    3.497               7             329;
   396    3.506               8             333;
   397    3.515               9             334;
   398    3.524              10             334;
   399    3.533              11             327;
   400    3.542              12             318;
   401    3.551              12             304;
   402    3.559              13             288;
   403    3.568              13             268;
   404    3.577              13             246;
   405    3.586              13             221;
   406    3.595              14             194;
   407    3.604              14             165;
   408    3.613              14             134;
   409    3.621              14             102;
   410    3.630              14              69;
   411    3.639              14              35;
   412    3.648              14               0;
   413    3.657              14             -34;
   414    3.666              13             -67;
   415    3.674              13             -99;
   416    3.683              12            -131;
   417    3.692              11            -161;
   418    3.701              11            -189;
   419    3.710              10            -216;
   420    3.719               9            -239;
   421    3.728               9            -260;
   422    3.736               8            -278;
   423    3.745               7            -293;
   424    3.754               6            -305;
   425    3.763               6            -314;
   426    3.772               5            -320;
   427    3.781               4            -322;
   428    3.790               3            -322;
   429    3.798               2            -317;
   430    3.807               1            -309;
   431    3.816               0            -298;
   432    3.825              -0            -283;
   433    3.834              -1            -266;
   434    3.843              -2            -246;
   435    3.852              -2            -223;
   436    3.860              -2            -198;
   437    3.869              -3            -171;
   438    3.878              -3            -142;
   439    3.887              -3            -113;
   440    3.896              -3             -81;
   441    3.905              -3             -49;
   442    3.914              -3             -17;
   443    3.922              -3              15;
   444    3.931              -3              47;
   445    3.940              -1              79;
   446    3.949              -1             109;
   447    3.958              -1             138;
   448    3.967               0             166;
   449    3.976               1             191;
   450    3.984               2             214;
   451    3.993               2             236;
   452    4.002               3             254;
   453    4.011               4             270;
   454    4.020               5             283;
   455    4.029               6             292;
   456    4.038               7             299;
   457    4.046               8             302;
   458    4.055               9             303;
   459    4.064              10             301;
   460    4.073              10             295;
   461    4.082              11             286;
   462    4.091              11             273;
   463    4.099              12             257;
   464    4.108              12             239;
   465    4.117              13             219;
   466    4.126              13             196;
   467    4.135              13             171;
   468    4.144              13             144;
   469    4.153              13             116;
   470    4.161              13              86;
   471    4.170              13              56;
   472    4.179              13              25;
   473    4.188              13              -5;
   474    4.197              13             -36;
   475    4.206              13             -66;
   476    4.215              12             -96;
   477    4.223              12            -124;
   478    4.232              11            -151;
   479    4.241              10            -176;
   480    4.250              10            -199;
   481    4.259               9            -220;
   482    4.268               9            -239;
   483    4.277               8            -255;
   484    4.285               7            -267;
   485    4.294               7            -278;
   486    4.303               6            -285;
   487    4.312               5            -290;
   488    4.321               4            -291;
   489    4.330               3            -291;
   490    4.339               2            -286;
   491    4.347               2            -278;
   492    4.356               1            -267;
   493    4.365               1            -253;
   494    4.374               0            -237;
   495    4.383              -1            -218;
   496    4.392              -1            -197;
   497    4.401              -1            -174;
   498    4.409              -1            -149;
   499    4.418              -2            -123;
   500    4.427              -2             -96;
   501    4.436              -2             -67;
   502    4.445              -2             -38;
   503    4.454              -2              -9;
   504    4.463              -2              20;
   505    4.471              -2              49;
   506    4.480              -2              77;
   507    4.489              -0             104;
   508    4.498              -0             131;
   509    4.507               0             155;
   510    4.516               1             178;
   511    4.524               2             198;
   512    4.533               3             216;
   513    4.542               3             232;
   514    4.551               4             246;
   515    4.560               5             257;
   516    4.569               6             265;
   517    4.578               7             270;
   518    4.586               8             273;
   519    4.595               8             273;
   520    4.604               9             271;
   521    4.613              10             264;
   522    4.622              10             255;
   523    4.631              11             243;
   524    4.640              11             229;
   525    4.648              12             212;
   526    4.657              12             193;
   527    4.666              12             172;
   528    4.675              12             149;
   529    4.684              12             124;
   530    4.693              12              98;
   531    4.702              12              72;
   532    4.710              12              45;
   533    4.719              12              17;
   534    4.728              12             -11;
   535    4.737              12             -39;
   536    4.746              12             -66;
   537    4.755              12             -92;
   538    4.764              11            -117;
   539    4.772              11            -141;
   540    4.781              10            -163;
   541    4.790               9            -184;
   542    4.799               9            -202;
   543    4.808               8            -218;
   544    4.817               8            -232;
   545    4.826               7            -243;
   546    4.834               7            -251;
   547    4.843               6            -257;
   548    4.852               5            -260;
   549    4.861               5            -262;
   550    4.870               4            -260;
   551    4.879               3            -255;
   552    4.888               3            -247;
   553    4.896               2            -237;
   554    4.905               2            -224;
   555    4.914               1            -209;
   556    4.923               1            -191;
   557    4.932               0            -172;
   558    4.941               0            -151;
   559    4.949               0            -128;
   560    4.958               0            -104;
   561    4.967               0             -79;
   562    4.976               0             -53;
   563    4.985               0             -28;
   564    4.994               0              -1;
   565    5.003               0              25;
   566    5.011               0              51;
   567    5.020               0              76;
   568    5.029               0             100;
   569    5.038               0             123;
   570    5.047               2             144;
   571    5.056               2             164;
   572    5.065               2             182;
   573    5.073               3             198;
   574    5.082               3             212;
   575    5.091               4             223;
   576    5.100               5             232;
   577    5.109               6             238;
   578    5.118               6             243;
   579    5.127               7             244;
   580    5.135               8             244;
   581    5.144               8             241;
   582    5.153               9             234;
   583    5.162              10             225;
   584    5.171              10             214;
   585    5.180              11             200;
   586    5.189              11             185;
   587    5.197              11             167;
   588    5.206              11             148;
   589    5.215              11             127;
   590    5.224              11             105;
   591    5.233              12              81;
   592    5.242              12              57;
   593    5.251              12              33;
   594    5.259              12               8;
   595    5.268              12             -17;
   596    5.277              12             -41;
   597    5.286              11             -65;
   598    5.295              11             -88;
   599    5.304              11            -111;
   600    5.313              10            -131;
   601    5.321               9            -151;
   602    5.330               9            -168;
   603    5.339               9            -184;
   604    5.348               8            -198;
   605    5.357               8            -210;
   606    5.366               7            -219;
   607    5.374               7            -226;
   608    5.383               6            -230;
   609    5.392               6            -232;
   610    5.401               5            -233;
   611    5.410               5            -230;
   612    5.419               4            -225;
   613    5.428               4            -217;
   614    5.436               4            -207;
   615    5.445               3            -195;
   616    5.454               3            -180;
   617    5.463               2            -164;
   618    5.472               2            -147;
   619    5.481               2            -127;
   620    5.490               2            -107;
   621    5.498               2             -85;
   622    5.507               2             -62;
   623    5.516               2             -39;
   624    5.525               2             -16;
   625    5.534               2               7;
   626    5.543               2              31;
   627    5.552               2              53;
   628    5.560               2              76;
   629    5.569               2              97;
   630    5.578               2             117;
   631    5.587               2             135;
   632    5.596               2             152;
   633    5.605               4             167;
   634    5.614               4             181;
   635    5.622               4             192;
   636    5.631               4             202;
   637    5.640               5             209;
   638    5.649               5             214;
   639    5.658               6             216;
   640    5.667               7             217;
   641    5.676               7             217;
   642    5.684               8             212;
   643    5.693               8             206;
   644    5.702               9             197;
   645    5.711               9             186;
   646    5.720               9             173;
   647    5.729              10             158;
   648    5.738              10             142;
   649    5.746              10             125;
   650    5.755              10             105;
   651    5.764              10              85;
   652    5.773              10              64;
   653    5.782              10              43;
   654    5.791              10              21;
   655    5.799              10              -1;
   656    5.808              10             -24;
   657    5.817              10             -45;
   658    5.826              10             -66;
   659    5.835              10             -87;
   660    5.844              10            -106;
   661    5.853              10            -123;
   662    5.861               9            -140;
   663    5.870               9            -155;
   664    5.879               9            -169;
   665    5.888               8            -180;
   666    5.897               7            -189;
   667    5.906               7            -196;
   668    5.915               7            -202;
   669    5.923               6            -205;
   670    5.932               6            -206;
   671    5.941               6            -207;
   672    5.950               6            -202;
   673    5.959               5            -196;
   674    5.968               5            -188;
   675    5.977               5            -178;
   676    5.985               5            -166;
   677    5.994               5            -153;
   678    6.003               5            -138;
   679    6.012               5            -121;
   680    6.021               5            -103;
   681    6.030               5             -84;
   682    6.039               5             -64;
   683    6.047               5             -44;
   684    6.056               5             -23;
   685    6.065               5              -2;
   686    6.074               5              19;
   687    6.083               5              40;
   688    6.092               5              60;
   689    6.101               5              79;
   690    6.109               5              98;
   691    6.118               5             115;
   692    6.127               5             131;
   693    6.136               5             146;
   694    6.145               5             158;
   695    6.154               5             170;
   696    6.163               5             179;
   697    6.171               5             186;
   698    6.180               5             191;
   699    6.189               5             195;
   700    6.198               5             196;
   701    6.207               7             196;
   702    6.216               7             193;
   703    6.224               7             188;
   704    6.233               7             181;
   705    6.242               8             172;
   706    6.251               8             160;
   707    6.260               8             148;
   708    6.269               8             134;
   709    6.278               8             118;
   710    6.286               9             101;
   711    6.295               9              84;
   712    6.304               9              65;
   713    6.313               9              46;
   714    6.322               9              26;
   715    6.331               9               6;
   716    6.340               9             -14;
   717    6.348               9             -34;
   718    6.357               9             -53;
   719    6.366               9             -72;
   720    6.375               9             -89;
   721    6.384               9            -106;
   722    6.393               9            -122;
   723    6.402               8            -136;
   724    6.410               8            -148;
   725    6.419               8            -160;
   726    6.428               8            -169;
   727    6.437               7            -176;
   728    6.446               7            -181;
   729    6.455               6            -185;
   730    6.464               6            -186;
   731    6.472               6            -187;
   732    6.481               6            -185;
   733    6.490               6            -180;
   734    6.499               6            -173;
   735    6.508               6            -164;
   736    6.517               6            -154;
   737    6.526               6            -142;
   738    6.534               6            -129;
   739    6.543               6            -114;
   740    6.552               6             -98;
   741    6.561               6             -81;
   742    6.570               6             -62;
   743    6.579               6             -44;
   744    6.588               6             -25;
   745    6.596               6              -6;
   746    6.605               6              13;
   747    6.614               6              32;
   748    6.623               6              51;
   749    6.632               6              69;
   750    6.641               6              86;
   751    6.649               6             102;
   752    6.658               6             117;
   753    6.667               6             131;
   754    6.676               6             143;
   755    6.685               6             154;
   756    6.694               6             163;
   757    6.703               6             170;
   758    6.711               6             175;
   759    6.720               6             179;
   760    6.729               6             180;
   761    6.738               6             180;
   762    6.747               6             179;
   763    6.756               6             174;
   764    6.765               6             168;
   765    6.773               8             160;
   766    6.782               8             150;
   767    6.791               8             139;
   768    6.800               8             126;
   769    6.809               8             112;
   770    6.818               8              97;
   771    6.827               8              80;
   772    6.835               8              63;
   773    6.844               8              46;
   774    6.853               8              28;
   775    6.862               8               9;
   776    6.871               8              -9;
   777    6.880               8             -27;
   778    6.889               8             -45;
   779    6.897               8             -63;
   780    6.906               8             -80;
   781    6.915               8             -96;
   782    6.924               8            -110;
   783    6.933               8            -123;
   784    6.942               8            -136;
   785    6.951               8            -146;
   786    6.959               7            -155;
   787    6.968               7            -162;
   788    6.977               7            -168;
   789    6.986               7            -171;
   790    6.995               7            -173;
   791    7.004               7            -174;
   792    7.013               7            -172;
   793    7.021               7            -169;
   794    7.030               7            -163;
   795    7.039               7            -155;
   796    7.048               7            -146;
   797    7.057               7            -135;
   798    7.066               7            -123;
   799    7.074               7            -109;
   800    7.083               7             -94;
   801    7.092               7             -78;
   802    7.101               7             -62;
   803    7.110               7             -45;
   804    7.119               7             -27;
   805    7.128               7              -9;
   806    7.136               7               9;
   807    7.145               7              27;
   808    7.154               7              44;
   809    7.163               7              61;
   810    7.172               7              77;
   811    7.181               7              93;
   812    7.190               7             107;
   813    7.198               7             120;
   814    7.207               7             132;
   815    7.216               7             142;
   816    7.225               7             150;
   817    7.234               7             157;
   818    7.243               7             163;
   819    7.252               7             166;
   820    7.260               7             167;
   821    7.269               7             167;
   822    7.278               7             167;
   823    7.287               7             164;
   824    7.296               7             158;
   825    7.305               7             151;
   826    7.314               8             142;
   827    7.322               8             132;
   828    7.331               8             120;
   829    7.340               8             107;
   830    7.349               8              93;
   831    7.358               8              78;
   832    7.367               8              62;
   833    7.376               8              46;
   834    7.384               8              29;
   835    7.393               8              12;
   836    7.402               8              -5;
   837    7.411               8             -23;
   838    7.420               8             -40;
   839    7.429               8             -56;
   840    7.438               8             -72;
   841    7.446               8             -86;
   842    7.455               8            -100;
   843    7.464               8            -113;
   844    7.473               8            -124;
   845    7.482               8            -135;
   846    7.491               7            -143;
   847    7.499               7            -150;
   848    7.508               7            -155;
   849    7.517               7            -159;
   850    7.526               7            -161;
   851    7.535               7            -162;
   852    7.544               7            -162;
   853    7.553               7            -157;
   854    7.561               7            -153;
   855    7.570               7            -146;
   856    7.579               7            -137;
   857    7.588               7            -127;
   858    7.597               7            -116;
   859    7.606               7            -104;
   860    7.615               7             -90;
   861    7.623               7             -76;
   862    7.632               7             -60;
   863    7.641               7             -44;
   864    7.650               7             -28;
   865    7.659               7             -11;
   866    7.668               7               5;
   867    7.677               7              22;
   868    7.685               7              38;
   869    7.694               7              54;
   870    7.703               7              70;
   871    7.712               7              84;
   872    7.721               7              98;
   873    7.730               7             110;
   874    7.739               7             121;
   875    7.747               7             131;
   876    7.756               7             139;
   877    7.765               7             146;
   878    7.774               7             151;
   879    7.783               7             154;
   880    7.792               7             156;
   881    7.801               7             156;
   882    7.809               7             156;
   883    7.818               7             153;
   884    7.827               7             148;
   885    7.836               7             142;
   886    7.845               7             134;
   887    7.854               7             124;
   888    7.863               7             113;
   889    7.871               7             101;
   890    7.880               7              88;
   891    7.889               7              74;
   892    7.898               7              60;
   893    7.907               7              44;
   894    7.916               7              29;
   895    7.924               7              13;
   896    7.933               7              -3;
   897    7.942               7             -19;
   898    7.951               7             -35;
   899    7.960               7             -50;
   900    7.969               7             -65;
   901    7.978               7             -79;
   902    7.986               7             -92]
