 Sample   Time     Commanded Pos   Encoder 1 Pos   Encoder 2 Pos 

[    0    0.000               0              -5              -2;
     1    0.009               0              16              -2;
     2    0.018               0              89               0;
     3    0.027               0             202              14;
     4    0.035               0             340              46;
     5    0.044               0             498             105;
     6    0.053               0             672             195;
     7    0.062               0             850             315;
     8    0.071               0            1030             458;
     9    0.080               8            1203             613;
    10    0.089              13            1369             766;
    11    0.097              13            1533             906;
    12    0.106              13            1686            1019;
    13    0.115              13            1826            1099;
    14    0.124              13            1952            1144;
    15    0.133              13            2050            1159;
    16    0.142              13            2114            1153;
    17    0.151              13            2141            1129;
    18    0.159              13            2133            1098;
    19    0.168              13            2086            1064;
    20    0.177              13            2002            1031;
    21    0.186              13            1884             996;
    22    0.195              13            1745             954;
    23    0.204              13            1597             899;
    24    0.213              13            1445             827;
    25    0.221              13            1299             737;
    26    0.230              13            1166             633;
    27    0.239              13            1043             523;
    28    0.248              13             925             416;
    29    0.257              13             825             323;
    30    0.266              13             744             253;
    31    0.274              12             678             210;
    32    0.283              12             628             197;
    33    0.292              12             598             211;
    34    0.301              12             592             246;
    35    0.310              12             616             295;
    36    0.319              12             665             348;
    37    0.328              12             735             399;
    38    0.336              12             824             447;
    39    0.345              12             932             488;
    40    0.354              12            1054             528;
    41    0.363              12            1173             569;
    42    0.372              12            1286             616;
    43    0.381              12            1393             672;
    44    0.390              12            1490             734;
    45    0.398              12            1572             802;
    46    0.407              13            1631             869;
    47    0.416              13            1672             927;
    48    0.425              13            1696             969;
    49    0.434              13            1707             988;
    50    0.443              13            1709             984;
    51    0.452              13            1697             954;
    52    0.460              13            1676             906;
    53    0.469              13            1643             848;
    54    0.478              13            1594             788;
    55    0.487              13            1528             735;
    56    0.496              13            1446             692;
    57    0.505              13            1360             661;
    58    0.514              13            1274             638;
    59    0.522              13            1194             619;
    60    0.531              13            1121             599;
    61    0.540              13            1055             575;
    62    0.549              13             995             545;
    63    0.558              13             947             509;
    64    0.567              13             922             469;
    65    0.576              13             918             432;
    66    0.584              13             934             404;
    67    0.593              13             962             394;
    68    0.602              13             996             405;
    69    0.611              13            1030             440;
    70    0.620              13            1054             495;
    71    0.629              13            1071             560;
    72    0.638              13            1085             622;
    73    0.646              13            1102             670;
    74    0.655              13            1126             695;
    75    0.664              13            1157             697;
    76    0.673              13            1195             674;
    77    0.682              13            1237             639;
    78    0.691              13            1277             603;
    79    0.699              13            1312             579;
    80    0.708              13            1337             573;
    81    0.717              13            1352             593;
    82    0.726              13            1357             633;
    83    0.735              13            1356             687;
    84    0.744              13            1353             741;
    85    0.753              13            1353             784;
    86    0.761              13            1362             807;
    87    0.770              13            1377             808;
    88    0.779              13            1397             784;
    89    0.788              13            1417             746;
    90    0.797              13            1434             704;
    91    0.806              13            1441             669;
    92    0.815              13            1437             649;
    93    0.823              13            1420             645;
    94    0.832              13            1395             661;
    95    0.841              13            1367             687;
    96    0.850              13            1341             716;
    97    0.859              13            1321             738;
    98    0.868              13            1311             746;
    99    0.877              13            1310             740;
   100    0.885              13            1319             716;
   101    0.894              13            1332             685;
   102    0.903              13            1345             654;
   103    0.912              13            1354             630;
   104    0.921              13            1357             620;
   105    0.930              13            1354             625;
   106    0.939              13            1346             647;
   107    0.947              13            1337             676;
   108    0.956              13            1331             707;
   109    0.965              13            1330             733;
   110    0.974              13            1336             746;
   111    0.983              13            1348             748;
   112    0.992              13            1364             736;
   113    1.001              13            1381             715;
   114    1.009              13            1390             693;
   115    1.018              13            1395             676;
   116    1.027              13            1396             667;
   117    1.036              13            1388             666;
   118    1.045              13            1378             677;
   119    1.054              13            1366             693;
   120    1.063              13            1356             710;
   121    1.071              13            1351             723;
   122    1.080              13            1350             729;
   123    1.089              13            1354             729;
   124    1.098              13            1362             718;
   125    1.107              13            1371             704;
   126    1.116              13            1378             690;
   127    1.124              13            1382             679;
   128    1.133              13            1382             675;
   129    1.142              13            1378             676;
   130    1.151              13            1371             685;
   131    1.160              13            1365             697;
   132    1.169              13            1361             709;
   133    1.178              13            1359             718;
   134    1.186              13            1361             722;
   135    1.195              13            1366             722;
   136    1.204              13            1372             715;
   137    1.213              13            1378             706;
   138    1.222              13            1381             697;
   139    1.231              13            1382             691;
   140    1.240              13            1381             688;
   141    1.248              13            1376             688;
   142    1.257              13            1371             692;
   143    1.266              13            1367             698;
   144    1.275              13            1365             705;
   145    1.284              13            1364             709;
   146    1.293              13            1366             711;
   147    1.302              13            1369             711;
   148    1.310              13            1372             708;
   149    1.319              13            1375             704;
   150    1.328              13            1376             700;
   151    1.337              13            1376             697;
   152    1.346              13            1375             695;
   153    1.355              13            1373             695;
   154    1.364              13            1371             697;
   155    1.372              13            1370             699;
   156    1.381              13            1370             702;
   157    1.390              13            1370             704;
   158    1.399              13            1370             706;
   159    1.408              13            1372             706;
   160    1.417              13            1372             706;
   161    1.426              13            1372             706;
   162    1.434              13            1372             703;
   163    1.443              13            1372             701;
   164    1.452              13            1372             699;
   165    1.461              13            1372             698;
   166    1.470              13            1372             698;
   167    1.479              13            1372             698;
   168    1.488              13            1372             700;
   169    1.496              13            1372             702;
   170    1.505              13            1372             703;
   171    1.514              13            1372             705;
   172    1.523              13            1372             706;
   173    1.532              13            1372             706;
   174    1.541              13            1372             706;
   175    1.549              13            1372             703;
   176    1.558              13            1372             701;
   177    1.567              13            1372             700;
   178    1.576              13            1372             699;
   179    1.585              13            1372             699;
   180    1.594              13            1372             698;
   181    1.603              13            1372             700;
   182    1.611              13            1372             701;
   183    1.620              13            1372             703;
   184    1.629              13            1372             704;
   185    1.638              13            1372             705;
   186    1.647              13            1372             705;
   187    1.656              13            1372             705;
   188    1.665              13            1372             704;
   189    1.673              13            1372             702;
   190    1.682              13            1372             700;
   191    1.691              13            1372             700;
   192    1.700              13            1372             699;
   193    1.709              13            1372             699;
   194    1.718              13            1372             699;
   195    1.727              13            1372             701;
   196    1.735              13            1372             702;
   197    1.744              13            1372             704;
   198    1.753              13            1372             704;
   199    1.762              13            1372             704;
   200    1.771              13            1372             704;
   201    1.780              13            1372             704;
   202    1.789              13            1372             703;
   203    1.797              13            1372             701;
   204    1.806              13            1372             700;
   205    1.815              13            1372             700;
   206    1.824              13            1372             700;
   207    1.833              13            1372             700;
   208    1.842              13            1372             700;
   209    1.851              13            1372             702;
   210    1.859              13            1372             703;
   211    1.868              13            1372             704;
   212    1.877              13            1372             704;
   213    1.886              13            1372             704;
   214    1.895              13            1372             704;
   215    1.904              13            1372             703;
   216    1.913              13            1372             701;
   217    1.921              13            1372             700;
   218    1.930              13            1372             700;
   219    1.939              13            1372             700;
   220    1.948              13            1372             700;
   221    1.957              13            1372             700;
   222    1.966              13            1372             702;
   223    1.974              13            1372             703;
   224    1.983              13            1372             703;
   225    1.992              13            1372             704;
   226    2.001              13            1372             704;
   227    2.010              13            1371             704;
   228    2.019              13            1366             702;
   229    2.028              13            1363             700;
   230    2.036              13            1363             698;
   231    2.045              13            1363             696;
   232    2.054              13            1365             694;
   233    2.063              13            1366             694;
   234    2.072              13            1367             694;
   235    2.081              13            1367             696;
   236    2.090              13            1367             699;
   237    2.098              13            1367             702;
   238    2.107              13            1367             704;
   239    2.116              13            1367             705;
   240    2.125              13            1367             705;
   241    2.134              13            1368             705;
   242    2.143              13            1369             703;
   243    2.152              13            1369             700;
   244    2.160              13            1369             698;
   245    2.169              13            1369             697;
   246    2.178              13            1369             696;
   247    2.187              13            1369             696;
   248    2.196              13            1369             696;
   249    2.205              13            1369             699;
   250    2.214              13            1369             701;
   251    2.222              13            1369             703;
   252    2.231              13            1369             704;
   253    2.240              13            1369             705;
   254    2.249              13            1369             705;
   255    2.258              13            1369             704;
   256    2.267              13            1369             701;
   257    2.276              13            1369             699;
   258    2.284              13            1369             697;
   259    2.293              13            1369             697;
   260    2.302              13            1369             697;
   261    2.311              13            1369             697;
   262    2.320              13            1369             699;
   263    2.329              13            1369             701;
   264    2.338              13            1369             702;
   265    2.346              13            1369             703;
   266    2.355              13            1369             704;
   267    2.364              13            1369             704;
   268    2.373              13            1369             704;
   269    2.382              13            1369             701;
   270    2.391              13            1369             700;
   271    2.399              13            1369             698;
   272    2.408              13            1369             697;
   273    2.417              13            1369             697;
   274    2.426              13            1369             697;
   275    2.435              13            1369             699;
   276    2.444              13            1369             700;
   277    2.453              13            1369             702;
   278    2.461              13            1369             703;
   279    2.470              13            1369             703;
   280    2.479              13            1369             703;
   281    2.488              13            1369             703;
   282    2.497              13            1369             702;
   283    2.506              13            1369             700;
   284    2.515              13            1369             699;
   285    2.523              13            1369             698;
   286    2.532              13            1369             698;
   287    2.541              13            1369             698;
   288    2.550              13            1369             698;
   289    2.559              13            1369             700;
   290    2.568              13            1369             701;
   291    2.577              13            1369             702;
   292    2.585              13            1369             703;
   293    2.594              13            1369             703;
   294    2.603              13            1369             703;
   295    2.612              13            1369             702;
   296    2.621              13            1369             700;
   297    2.630              13            1369             699;
   298    2.639              13            1369             699;
   299    2.647              13            1369             698;
   300    2.656              13            1369             698;
   301    2.665              13            1369             698;
   302    2.674              13            1369             700;
   303    2.683              13            1369             701;
   304    2.692              13            1369             702;
   305    2.701              13            1369             702;
   306    2.709              13            1369             702;
   307    2.718              13            1369             702;
   308    2.727              13            1369             702;
   309    2.736              13            1369             701;
   310    2.745              13            1369             700;
   311    2.754              13            1369             699;
   312    2.763              13            1369             699;
   313    2.771              13            1369             699;
   314    2.780              13            1369             699;
   315    2.789              13            1369             701;
   316    2.798              13            1369             701;
   317    2.807              13            1369             702;
   318    2.816              13            1369             702;
   319    2.824              13            1369             702;
   320    2.833              13            1369             702;
   321    2.842              13            1369             702;
   322    2.851              13            1369             701;
   323    2.860              13            1369             700;
   324    2.869              13            1369             699;
   325    2.878              13            1369             699;
   326    2.886              13            1369             699;
   327    2.895              13            1369             699;
   328    2.904              13            1369             701;
   329    2.913              13            1369             701;
   330    2.922              13            1369             701;
   331    2.931              13            1369             702;
   332    2.940              13            1369             702;
   333    2.948              13            1369             702;
   334    2.957              13            1369             702;
   335    2.966              13            1369             701;
   336    2.975              13            1369             701;
   337    2.984              13            1369             700;
   338    2.993              13            1369             699;
   339    3.002              13            1369             699;
   340    3.010              13            1368             699;
   341    3.019              13            1364             699;
   342    3.028              13            1362             699;
   343    3.037              13            1361             699;
   344    3.046              13            1361             699;
   345    3.055              13            1364             697;
   346    3.064              13            1367             695;
   347    3.072              13            1368             695;
   348    3.081              13            1369             695;
   349    3.090              13            1369             698;
   350    3.099              13            1369             700;
   351    3.108              13            1369             703;
   352    3.117              13            1369             704;
   353    3.126              13            1369             705;
   354    3.134              13            1369             705;
   355    3.143              13            1369             705;
   356    3.152              13            1369             702;
   357    3.161              13            1369             700;
   358    3.170              13            1369             698;
   359    3.179              13            1369             697;
   360    3.188              13            1369             696;
   361    3.196              13            1369             696;
   362    3.205              13            1369             698;
   363    3.214              13            1369             700;
   364    3.223              13            1369             702;
   365    3.232              13            1369             704;
   366    3.241              13            1369             704;
   367    3.249              13            1369             705;
   368    3.258              13            1369             705;
   369    3.267              13            1369             703;
   370    3.276              13            1369             700;
   371    3.285              13            1369             699;
   372    3.294              13            1369             697;
   373    3.303              13            1369             697;
   374    3.311              13            1369             697;
   375    3.320              13            1369             697;
   376    3.329              13            1369             700;
   377    3.338              13            1369             701;
   378    3.347              13            1369             703;
   379    3.356              13            1369             704;
   380    3.365              13            1369             704;
   381    3.373              13            1369             704;
   382    3.382              13            1369             703;
   383    3.391              13            1369             701;
   384    3.400              13            1369             699;
   385    3.409              13            1369             698;
   386    3.418              13            1369             698;
   387    3.427              13            1369             698;
   388    3.435              13            1369             698;
   389    3.444              13            1369             700;
   390    3.453              13            1369             701;
   391    3.462              13            1369             702;
   392    3.471              13            1369             703;
   393    3.480              13            1369             703;
   394    3.489              13            1369             703;
   395    3.497              13            1369             703;
   396    3.506              13            1369             702;
   397    3.515              13            1369             700;
   398    3.524              13            1369             699;
   399    3.533              13            1369             698;
   400    3.542              13            1369             698;
   401    3.551              13            1369             698;
   402    3.559              13            1369             700;
   403    3.568              13            1369             701;
   404    3.577              13            1369             702;
   405    3.586              13            1369             703;
   406    3.595              13            1369             703;
   407    3.604              13            1369             703;
   408    3.613              13            1369             703;
   409    3.621              13            1369             702;
   410    3.630              13            1369             700;
   411    3.639              13            1369             699;
   412    3.648              13            1369             699;
   413    3.657              13            1369             699;
   414    3.666              13            1369             699;
   415    3.674              13            1369             699;
   416    3.683              13            1369             701;
   417    3.692              13            1369             702;
   418    3.701              13            1369             702;
   419    3.710              13            1369             702;
   420    3.719              13            1369             702;
   421    3.728              13            1369             702;
   422    3.736              13            1369             702;
   423    3.745              13            1369             701;
   424    3.754              13            1369             700;
   425    3.763              13            1369             699;
   426    3.772              13            1369             699;
   427    3.781              13            1369             699;
   428    3.790              13            1369             699;
   429    3.798              13            1369             701;
   430    3.807              13            1369             701;
   431    3.816              13            1369             702;
   432    3.825              13            1369             702;
   433    3.834              13            1369             702;
   434    3.843              13            1369             702;
   435    3.852              13            1369             702;
   436    3.860              13            1369             701;
   437    3.869              13            1369             701;
   438    3.878              13            1369             699;
   439    3.887              13            1369             699;
   440    3.896              13            1369             699;
   441    3.905              13            1369             699;
   442    3.914              13            1369             701;
   443    3.922              13            1369             701;
   444    3.931              13            1369             702;
   445    3.940              13            1369             702;
   446    3.949              13            1369             702;
   447    3.958              13            1369             702;
   448    3.967              13            1369             702;
   449    3.976              13            1369             701;
   450    3.984              13            1369             701;
   451    3.993              13            1369             701;
   452    4.002              13            1369             701;
   453    4.011              13            1369             701;
   454    4.020              13            1365             701;
   455    4.029              13            1362             701;
   456    4.038              13            1361             701;
   457    4.046              13            1361             699;
   458    4.055              13            1364             697;
   459    4.064              13            1366             696;
   460    4.073              13            1368             695;
   461    4.082              13            1369             695;
   462    4.091              13            1369             697;
   463    4.099              13            1369             700;
   464    4.108              13            1369             703;
   465    4.117              13            1369             704;
   466    4.126              13            1369             706;
   467    4.135              13            1369             706;
   468    4.144              13            1369             706;
   469    4.153              13            1370             703;
   470    4.161              13            1370             701;
   471    4.170              13            1370             698;
   472    4.179              13            1370             697;
   473    4.188              13            1370             696;
   474    4.197              13            1370             696;
   475    4.206              13            1370             698;
   476    4.215              13            1370             700;
   477    4.223              13            1370             702;
   478    4.232              13            1370             704;
   479    4.241              13            1370             704;
   480    4.250              13            1370             705;
   481    4.259              13            1370             705;
   482    4.268              13            1370             704;
   483    4.277              13            1370             701;
   484    4.285              13            1370             699;
   485    4.294              13            1370             698;
   486    4.303              13            1370             697;
   487    4.312              13            1370             697;
   488    4.321              13            1370             697;
   489    4.330              13            1370             699;
   490    4.339              13            1370             701;
   491    4.347              13            1370             703;
   492    4.356              13            1370             704;
   493    4.365              13            1370             704;
   494    4.374              13            1370             704;
   495    4.383              13            1370             704;
   496    4.392              13            1370             701;
   497    4.401              13            1370             700;
   498    4.409              13            1370             699;
   499    4.418              13            1370             698;
   500    4.427              13            1370             698;
   501    4.436              13            1370             698;
   502    4.445              13            1370             700;
   503    4.454              13            1370             701;
   504    4.463              13            1370             702;
   505    4.471              13            1370             703;
   506    4.480              13            1370             704;
   507    4.489              13            1370             704;
   508    4.498              13            1370             703;
   509    4.507              13            1370             701;
   510    4.516              13            1370             700;
   511    4.524              13            1370             699;
   512    4.533              13            1370             698;
   513    4.542              13            1370             698;
   514    4.551              13            1370             698;
   515    4.560              13            1370             700;
   516    4.569              13            1370             701;
   517    4.578              13            1370             702;
   518    4.586              13            1370             703;
   519    4.595              13            1370             703;
   520    4.604              13            1370             703;
   521    4.613              13            1370             703;
   522    4.622              13            1370             702;
   523    4.631              13            1370             700;
   524    4.640              13            1370             699;
   525    4.648              13            1370             699;
   526    4.657              13            1370             699;
   527    4.666              13            1370             699;
   528    4.675              13            1370             699;
   529    4.684              13            1370             701;
   530    4.693              13            1370             702;
   531    4.702              13            1370             702;
   532    4.710              13            1370             703;
   533    4.719              13            1370             703;
   534    4.728              13            1370             703;
   535    4.737              13            1370             702;
   536    4.746              13            1370             700;
   537    4.755              13            1370             700;
   538    4.764              13            1370             699;
   539    4.772              13            1370             699;
   540    4.781              13            1370             699;
   541    4.790              13            1370             699;
   542    4.799              13            1370             701;
   543    4.808              13            1370             701;
   544    4.817              13            1370             702;
   545    4.826              13            1370             702;
   546    4.834              13            1370             702;
   547    4.843              13            1370             702;
   548    4.852              13            1370             702;
   549    4.861              13            1370             701;
   550    4.870              13            1370             701;
   551    4.879              13            1370             701;
   552    4.888              13            1370             701;
   553    4.896              13            1370             701;
   554    4.905              13            1370             701;
   555    4.914              13            1370             701;
   556    4.923              13            1370             702;
   557    4.932              13            1370             702;
   558    4.941              13            1370             702;
   559    4.949              13            1370             702;
   560    4.958              13            1370             702;
   561    4.967              13            1370             702;
   562    4.976              13            1370             701;
   563    4.985              13            1370             701;
   564    4.994              13            1370             701]
